25. (0 0, 16 1.0, 0 0, 0 0, 0 0, 0 0)
(12 1.0, 34 1.0, 56 1.0)
24.1. (0 0, 14 1.0, 0 0, 0 0, 36 1.0, 0 0)
(12 1.0, 34 1.0, 56 1.0)
24.2. (0 0, 13 1.0, 0 0, 0 0, 46 1.0, 0 0)
(12 1.0, 34 1.0, 56 1.0)
23.1. (0 0, 13 -1.0, 0 0, 0 0, 16 1.0, 0 0)
(12 1.0, 34 1.0, 56 1.0)
23.2. (0 0, 0 0, 0 0, 15 1.0, 0 0, 13 1.0)
(12 1.0, 34 1.0, 56 1.0)
22. (0 0, 13 1.0, 0 0, 0 0, 16 1.0, 0 0)
(12 1.0, 34 1.0, 56 1.0)
21.1. (0 0, 36 1.0 14 -1.0, 0 0, 13 1.0 16 1.0, 0 0, 0 0)
(12 1.0, 34 1.0, 56 1.0)
20. (0 0, 0 0, 16 1.0, 13 -1.0, 14 1.0 36 -1.0, 0 0)
(12 1.0, 34 1.0, 56 1.0)
19. (0 0, 0 0, 14 1.0, 15 1.0, 0 0, 13 1.0)
(12 1.0, 34 1.0, 56 1.0)
18.1. (0 0, 35 1.0, 0 0, 15 x, 0 0, 13 (x-1))
(12 1.0, 34 1.0, 56 1.0)
18.2. (0 0, 13 -1.0 35 (2*x)/{1+x^2}, 0 0, 15 (2*x)/{x^2+1}, 0 0, 35 1/{x^2+1})
(12 1.0, 34 1.0, 56 1.0)

